3067062
3067063
3067064
3067065
3067066
3067067
3067068
3067069
3067070
3067071
3067072
3067073
3067074
3067075
3067076
3067077
3067078
3067079
3067080
3067081
3067082
3067083
3067084
3067085
3067086
3067087
3067088
3067089
3067090
3067091
3067092
3067093
3067094
3067095
3067096
3067097
3067098
3067099
3067100
3067101
3067102
3067103
3067104
3067105
3067106
3067107
3067108
3067109
3067110
3067111
3067112
3067113
3067114
3067115
3067116
3067117
3067118
3067119
3067120
3067121
3067122
3067123
3067124
3067125
3067126
3067127
3067128
3067129
3067130
3067131
3067132
3067133
3067134
3067135
3067136
3067137
3067138
3067139
3067140
3067141
3067142
3067143
3067144
3067145
3067146
3067147
3067148
3067149
3067150
3067151
3067152
3067153
3067154
3067155
3067156
3067157
3067158
3067159
3067160
3067161
3067162
3067163
3067164
3067165
3067166
3067167
3067168
3067169
3067170
3067171
3067172
3067173
3067174
3067175
3067176
3067177
3067178
3067179
3067180
3067181
3067182
3067183
3067184
3067185
3067186
3067187
3067188
3067189
3067190
3067191
3067192
3067193
3067194
3067195
3067196
3067197
3067198
3067199
3067200
3067201
3067202
3067203
3067204
3067205
3067206
3067207
3067208
3067209
3067210
3067211
3067212
3067213
3067214
3067215
3067216
3067217
3067218
3067219
3067220
3067221
3067222
3067223
3067224
3067225
3067226
3067227
3067228
3067229
3067230
3067231
3067232
3067233
3067234
3067235
3067236
3067237
3067238
3067239
3067240
3067241
3067242
3067243
3067244
3067245
3067246
3067247
3067248
3067249
3067250
3067251
3067252
3067253
3067254
3067255
3067256
3067257
3067258
3067259
3067260
3067261
3067262
3067263
3067264
3067265
3067266
3067267
3067268
3067269
3067270
3067271
3067272
3067273
3067274
3067275
3067276
3067277
3067278
3067279
3067280
3067281
3067282
3067283
3067284
3067285
3067286
3067287
3067288
3067289
3067290
3067291
3067292
3067293
3067294
3067295
3067296
3067297
3067298
3067299
3067300
3067301
3067302
3067303
3067304
3067305
3067306
3067307
3067308
3067309
3067310
3067311
3067312
3067313
3067314
3067315
3067316
3067317
3067318
3067319
3067320
3067321
3067322
3067323
3067324
3067325
3067326
3067327
3067328
3067329
3067330
3067331
3067332
3067333
3067334
3067335
3067336
3067337
3067338
3067339
3067340
3067341
3067342
3067343
3067344
3067345
3067346
3067347
3067348
3067349
3067350
3067351
3067352
3067353
3067354
3067355
3067356
3067357
3067358
3067359
3067360
3067361
3067362
3067363
3067364
3067365
3067366
3067367
3067368
3067369
3067370
3067371
3067372
3067373
3067374
3067375
3067376
3067377
3067378
3067379
3067380
3067381
3067382
3067383
3067384
3067385
3067386
3067387
3067388
3067389
3067390
3067391
3067392
3067393
3067394
3067395
3067396
3067397
3067398
3067399
3067400
3067401
3067402
3067403
3067404
3067405
3067406
3067407
3067408
3067409
3067410
3067411
3067412
3067413
3067414
3067415
3067416
3067417
3067418
3067419
3067420
3067421
3067422