3059812
3059813
3059814
3059815
3059816
3059817
3059818
3059819
3059820
3059821
3059822
3059823
3059824
3059825
3059826
3059827
3059828
3059829
3059830
3059831
3059832
3059833
3059834
3059835
3059836
3059837
3059838
3059839
3059840
3059841
3059842
3059843
3059844
3059845
3059846
3059847
3059848
3059849
3059850
3059851
3059852
3059853
3059854
3059855
3059856
3059857
3059858
3059859
3059860
3059861
3059862
3059863
3059864
3059865
3059866
3059867
3059868
3059869
3059870
3059871
3059872
3059873
3059874
3059875
3059876
3059877
3059878
3059879
3059880
3059881
3059882
3059883
3059884
3059885
3059886
3059887
3059888
3059889
3059890
3059891
3059892
3059893
3059894
3059895
3059896
3059897
3059898
3059899
3059900
3059901
3059902
3059903
3059904
3059905
3059906
3059907
3059908
3059909
3059910
3059911
3059912
3059913
3059914
3059915
3059916
3059917
3059918
3059919
3059920
3059921
3059922
3059923
3059924
3059925
3059926
3059927
3059928
3059929
3059930
3059931
3059932
3059933
3059934
3059935
3059936
3059937
3059938
3059939
3059940
3059941
3059942
3059943
3059944
3059945
3059946
3059947
3059948
3059949
3059950
3059951
3059952
3059953
3059954
3059955
3059956
3059957
3059958
3059959
3059960
3059961
3059962
3059963
3059964
3059965
3059966
3059967
3059968
3059969
3059970
3059971
3059972
3059973
3059974
3059975
3059976
3059977
3059978
3059979
3059980
3059981
3059982
3059983
3059984
3059985
3059986
3059987
3059988
3059989
3059990
3059991
3059992
3059993
3059994
3059995
3059996
3059997
3059998
3059999
3060000
3060001
3060002
3060003
3066766
3066767
3066768
3070681