3059708
3059709
3059710
3059711
3059712
3059713
3059714
3059715
3059716
3059717
3059718
3059719
3059720
3059721
3059722
3059723
3059724
3059725
3059726
3059727
3059728
3059729
3059730
3059731
3059732
3059733
3059734
3059735
3059736
3059737
3059738
3059739
3059740
3059741
3059742
3059743
3059744
3059745
3059746
3059747
3059748
3059749
3059750
3059751
3059752
3059753
3059754
3059755
3059756
3059757
3059758
3059759
3059760
3059761
3059762
3059763
3059764
3059765
3059766
3059767
3059768
3059769
3059770
3059771
3059772
3059773
3059774
3059775
3059776
3059777
3059778
3059779
3059780
3059781
3059782
3059783
3059784
3059785
3059786
3059787
3059788
3059789
3059790
3059791
3059792
3059793
3059794
3059795
3059796