3068394
3068395
3068396
3068397
3068398
3068399
3068400
3068401
3068402
3068403
3068404
3068405
3068406
3068407
3068408
3068409
3068410
3068411
3068412
3068413
3068414
3068415
3068416
3068417
3068418
3068419
3068420
3068421
3068422
3068423
3068424
3068425
3068426
3068427
3068428
3068429
3068430
3068431
3068432
3068433
3068434
3068435
3068436
3068437
3068438
3068439
3068440
3068441
3068442
3068443
3068444
3068445
3068446
3068447
3068448
3068449
3068450
3068451
3068452
3068453
3068454
3068455
3068456
3068457
3068458
3068459
3068460
3068461
3068462
3068463
3068464
3068465
3068466
3068467
3068468
3068469
3068470
3068471
3068472
3068473
3068474
3068475
3068476
3068477
3068478
3068479
3068480
3068481
3068482
3068483
3068484
3068485
3068486
3068487
3068488
3068489
3068490
3068491
3068492
3068493
3068494
3068495
3068496
3068497
3068498
3068499
3068500
3068501
3068502
3068503
3068504
3068505
3068506
3068507
3068508
3068509
3068510
3068511
3068512
3068513
3068514
3068515
3068516
3068517
3068518
3068519
3068520
3068521
3068522
3068523
3068524
3068525
3068526
3068527
3068528
3068529
3068530
3068531
3068532
3068533
3068534
3068535
3068536
3068537
3068538
3068539
3068540
3068541
3068542
3068543
3068544
3068545
3068546
3068547
3068548
3068549
3068550
3068551
3068552
3068553
3068554
3068555
3068556
3068557
3068558
3068559
3068560
3068561
3068562
3068563
3068564
3068565
3068566
3068567
3068568
3068569
3068570
3068571
3068572
3068573
3068574
3068575
3068576
3068577
3068578
3068579
3068580
3068581
3068582
3068583
3068584
3068585
3068586
3068587
3068588
3068589
3068590
3068591
3068592
3068593
3068594
3068595
3068596
3068597
3068598
3068599
3068600
3068601
3068602
3068603
3068604
3068605
3068606
3068607
3068608
3068609
3068610
3068611
3068612
3068613
3068614
3068615
3068616
3068617
3068618
3068619
3068620
3068621
3068622
3068623
3068624
3068625
3068626
3068627
3068628
3068629
3068630
3068631
3068632
3068633
3068634
3068635
3068636
3068637
3068638
3068639
3068640
3068641
3068642
3068644
3068645
3068646
3068647
3068648
3068649
3068650
3068651
3068652
3068653
3068654
3068655
3068656
3068657
3068658
3068659
3068660
3068661
3068662
3068663
3068664
3068665
3068666
3068667
3068668
3068669
3068670
3068671
3068672
3068673
3068674
3068675
3068676
3068677
3068678
3068679
3068680
3068681
3068682
3068683
3068684
3068685
3068686
3068687
3068688
3068689
3068690
3068691
3068692
3068693
3068694
3068695
3068696
3068697
3068698
3068699
3068700
3068701
3068702
3068703
3068704
3068705
3068706
3068707
3068708
3068709
3068710
3068711
3068712
3068713
3068714
3068715
3068716
3068717
3068718
3068719
3068720
3068721
3068722
3068723
3068724
3068725
3068726
3068727
3068728
3068729
3068730
3068731
3068732
3068733
3068734
3068735
3068736
3068737
3068738
3068739
3068740
3068741
3068742
3068743
3068744
3068745
3068746
3068747
3068748
3068749
3068750
3068751
3068752
3068753
3068754
3068755
3068756
3068757
3068758
3068759