3069703
3069704
3069705
3069706
3069707
3069708
3069709
3069710
3069711
3069712
3069713
3069714
3069715
3069716
3069717
3069718
3069719
3069720
3069721
3069722
3069723
3069724
3069725
3069726
3069727
3069728
3069729
3069730
3069731
3069732
3069733
3069734
3069735
3069736
3069737
3069738
3069739
3069740
3069741
3069742
3069743
3069744
3069745
3069746
3069747
3069748
3069749
3069750
3069751
3069752
3069753
3069754
3069755
3069756
3069757
3069758
3069759
3069760
3069761
3069762
3069763
3069764
3069765
3069766
3069767
3069768
3069769
3069770
3069771
3069772
3069773
3069774
3069775
3069776
3069777
3069778
3069779
3069780
3069781
3069782
3069783
3069784
3069785
3069786
3069787
3069788
3069789
3069790
3069791
3069792
3069793
3069794
3069795
3069796
3069797
3069798
3069799
3069800
3069801
3069802
3069803
3069804
3069805
3069806
3069807
3069808
3069809
3069810
3069811
3069812
3069813
3069814
3069815
3069816
3069817
3069818
3069819
3069820
3069821
3069822
3069823
3069824
3069825
3069826
3069827
3069828
3069829
3069830
3069831
3069832
3069833
3069834
3069835
3069836
3069837
3069838
3069839
3069840
3069841
3069842
3069843
3069844
3069845
3069846
3069847
3069848
3069849
3069850
3069851
3069852
3069853
3069854
3069855
3069856
3069857
3069858
3069859
3069860
3069861
3069862
3069863
3069864
3069865
3069866
3069867
3069868
3069869
3069870
3069871
3069872
3069873
3069874
3069875
3069876
3069877
3069878
3069879
3069880
3069881
3069882
3069883
3069884
3069885
3069886
3069887
3069888
3069889
3069890
3069891
3069892
3069893
3069894
3069895
3069896
3069897
3069898
3069899
3069900
3069901
3069902
3069903
3069904
3069905
3069906
3069907
3069908
3069909
3069910
3069911
3069912
3069913
3069914
3069915
3069916
3069917
3069918
3069919
3069920
3069921
3069922
3069923
3069924
3069925
3069926
3069927
3069928
3069929
3069930
3069931
3069932
3069933
3069934
3069935
3069936
3069937
3069938
3069939
3069940
3069941
3069942
3069943
3069944
3069945
3069946
3069947
3069948
3069949
3069950
3069951
3069952
3069953
3069954
3069955
3069956
3069957
3069958
3069959
3069960
3069961
3069962
3069963
3069964
3069965
3069966
3069967
3069968
3069969
3069970
3069971
3069972
3069973
3069974
3069975
3069976
3069977
3069978
3069979
3069980
3069981
3069982
3069983
3069984
3069985
3069986
3069987
3069988
3069989
3069990
3069991
3069992
3069993
3069994
3069995
3069996
3069997
3069998
3069999
3070000
3070001
3070002
3070003
3070004
3070005
3070006
3070007
3070008
3070009
3070010
3070011
3070012
3070013
3070014
3070015
3070016
3070017
3070018
3070019
3070020
3070021
3070022
3070023
3070024
3070025
3070026
3070027
3070028
3070029
3070030
3070031
3070032
3070033
3070034
3070035
3070036
3070037
3070038
3070039
3070040
3070041
3070042
3070043
3070044
3070045
3070046
3070047
3070048
3070049
3070050
3070051
3070052
3070053
3070054
3070055
3070056
3070057
3070058
3070059
3070060
3070061
3070062
3070063
3070064
3070065
3070066
3070067
3070068
3070069
3070070
3070071
3070072
3070073
3070074
3070075
3070076
3070077
3070078
3070079
3070080
3070081
3070082
3070083
3070084
3070085
3070086
3070087
3070088
3070089
3070090
3070091
3070092
3070093
3070094
3070095
3070096
3070097
3070098
3070099
3070100
3070101
3070102
3070103
3070104
3070105
3070106
3070107
3070108
3070109
3070110
3070111
3070112
3070113
3070114
3070115
3070116
3070117
3070118
3070119
3070120
3070121
3070122
3070123
3070124
3070125
3070126
3070127
3070128
3070129
3070130
3070131
3070132
3070133
3070134
3070135
3070136
3070137
3070138
3070139
3070140
3070141
3070142
3070143
3070144
3070145
3070146
3070147
3070148
3070149
3070150
3070151
3070152
3070153
3070154
3070155
3070156
3070157
3070158
3070159
3070160
3070161
3070162
3070163
3070164
3070165
3070166
3070167
3070168
3070169
3070170
3070171
3070172
3070173
3070174
3070175
3070176
3070177
3070178
3070179
3070180
3070181
3070182
3070183
3070184
3070185
3070186
3070187
3070188
3070189
3070190
3070191
3070192
3070193
3070194