441730
443338
443339
443340
441731
441732
441733
441734
441735
441736
441737
441738
441739
441740
441741
441742
441743
441744
441745
441746
441747
441748
441749
441750
441751
441752
441753
441754
441755
441756
441757
441758
441759
441760
441761
441762
441763
441764
441765
441766
441767
441768
441769
441770
441771
441772
441773
441774
441775
441776
441777
441778
441779
441780
441781
441782
441783
441784
441785
441786
441787
441788
441789
441790
441791
441792
441793
441794
441795
441796
441797
441798
441799
441800
441801
441802
441803
441804
441805
441806
441807
441808
441809
441810
441811
441812
441813
441814
441815
441816
441817
441818
441819
441820
441821
441822
441823
441824
441825
441826
441827
441828
441829
441830
441831
441832
441833
441834
441835
441836
441837
441838
441839
441840
441841
441842
441843
441844
441845
441846
441847
441848
441849
441850
441851
441852
441853
441854
441855
441856
441857
441858
441859
441860
441861
441862
441863
441864
441865
441866
441867
441868
441869
441870
441871
441872
441873
441874
441875
441876
441877
441878
441879
441880
441881
441882
441883
441884
441885
441886
441887
441888
441889
441890
441891
441892
441893
441894
441895
441896
441897
441898
441899
441900
441901
441902
441903
441904
441905
441906
441907
441908
441909
441910
441911
441912
441913
441914
441915
441916
441917
441918
441919
441920
441921
441922
441923
441924
441925
441926
441927
441928
441929
441930
441931
441932
441933
441934
441935
441936
441937
441938
441939
441940
441941
441942
441943
441944
441945
441946
441947
441948
441949
441950
441951
441952
441953
441954
441955
441956
441967
441968
441969
441960
441961
441962
441963
441964
441965
441966
441957
441958
441959
441970
441971
441972
441973
441974
441975
441976
441977
441978
441979
441980
441981
441982
441983
441984
441985
441986
441987
441988
441989
441990
441991
441992
441993
441994
441995
441996
441997
441998
441999
442000
442001
442002
442003
442004
442005
442006
442007
442008
442009
442010
442011
442012
442013
442014
442015
442016
442017
442018
442019
442020
442021
442022
442023
442024
442025
442026
442027
442028
442029
442030
442031
442032
442033
442034
442035
442036
442037
442038
442039
442040
442041
442042
442043
442044
442045
442046
442047
442048
442049
442050
442051
442052
442053
442054
442055
442056
442057
442058
442059
442060
442061
442062
442063
442064
442065
442066
442067
443331
442068
442069
442070
442071
442072
442073
442074
442075
442076
442077
442078
442079
442080
443332
442081
442082
442083
442084
442085
442086
442087
442088
442089
442090
442091
442092
442093
443333
442094
442095
442096
442097
442098
442099
442100
442101
442102
442103
442104
442105
442106
442107
442108
442109
443335
442110
442111
442112
442113
442114
442115
442116
442117
442118
442119
442120
442121
442122
442123
443336
442124
442125
442126
442127
442128
442129
442130
442131
442132
442133
442134
442135
442137
442138
442139
442140
442141
442142
442143
442144
442145
442146
442147
442148
442149
442150
442151
442152
442153
442154
442155
442156
442158
442159
442160
442161
442162
442163
442164
442165
442166
442167
442168
442169
442170
442171
442172
442173
442174
442175
442176
442177
442178
442179
442180
442181
442182
442183
442184
442185
442186
442187
442188
442189
442190
442191
442192
442193
442194
442195
442196
442197
442198
442199
442200
442201
442202
442203
442204
442205
442206
442207
442208
442209
442210
442211
442212
442213
442214
442215
442217
442218
442219
442220
442221
442222
442223
442224
442225
442226
442227
442228
442229
442230
442231
442232
442233
442234
442235
442236
442237
442238
442239
442240
442241
442242
442243
442244
442245
442246
442247
442248
442249
442250
442251
442252
442253
442254
442255
442256
442257
442258
442259
442260
442261
442262
442263
442264
442265
442266
442267
442268
442269
442270
442271
442272
442273
442274
442275
442276
442277
442278
442279
442280
442281
442282
442283
442284
442285
442286
442287
442288
442289
442290
442291
442292
442293
442294
442295
442296
442297
442298
442299
442300
442301
442302
442303
442304
442305
442306
442307
442308
442309
442310
443334
442311
442312
442313
442314
442315
442316
442317
442318
442319
442320
442321
442322
442323
442324
442325
442326
442327
442328
442329
442330
442331
442332
442333
442334
442335
442336
442337
442338
442339
442340
442341
442342
442343
442344
442345
442346
442347
442348
442349
442350
442351
442352
442353
442354
442355
442356
442357
442358
442359
442360
442361
442362
442363
442364
442365
442366
442367
442368
442369
442370
442371
442372
442373
442374
442375
442376
442377
442378
442379
442380
442381
442382
442383
442384
442385
442386
442387
442388
442389
442390
442391
442392
442393
442394
442395
442396
442397
442398
442399
442400
442401
442402
442403
442404
442405
442406
442407
442408
442409
442410
442411
442412
442413
442414
442415
442417
442418
442419
442420
442421
442422
442423
442424
442425
442426
442427
442428
442429
442430
442431
442432
442433
442434
442435
442436
442437
442438
442439
442440
442441
442442
442443
442444
442445
442446
442447
442448
442449
442450
442451
442452
442453
442454
442455
442456
442457
442458
442459
442460
442461
442462
442463
442464
442465
442466
442467
442468
442469
442470
442471
442472
442473
442474
442475
442476
442477
442478
442479
442480
442481
442482
442483
442484
442485
442486
442487
442488
442489
442490
442491
442492
442493
442494
442495
442496
442497
442498
442499
442500
442501
442503
442504
442505
442506
442507
442508
442509
442510
442511
442512
442513
442514
442515
442516
442517
442518
442519
442520
442521
442522
442523
442524
442525
442526
442527
442528
442529
442530
442531
442532
442533
442534
442535
442536
442537
442538
442539
442540
442541
442542
442543
442544
442545
442546
442547
442548
442549
442550
442551
442552
442553
442554
442555
442556
442557
442558
442559
442560
442561
442562
442563
442564
442565
442566
442567
442568
442569
442570
442571
442572
442573
442574
442575
442576
442577
442578
442579
442580
442581
442582
442583
442584
442585
442586
442587
442588
442589
442590
442591
442592
442593
442594
442595
442596
442597
442598
442599
442600
442601
442602
442603
442604
442605
442606
442607
442608
442609
442610
442611
442612
442613
442614
442615
442616
442617
442618
442619
442620
442621
442622
442623
442624
442625
442626
442627
442628
442629
442630
442631
442632
442633
442634
442635
442636
442637
442638
442639
442640
442641
442642
443337
442643
442644
442645
442646
442647
442648
442649
442650
442651
442652
442653
442654
442655
442656
442657
442658
442659
442660
442661
442662
442663
442664
442665
442666
442667
442668
442669
442670
442671
442672
442673
442674
442675
442676
442677
442678
442679
443281
443282
443283
443284
443285
443286
443287
443288
443289
443290
443291
443292
443293
443294
443295
443296
443297
443299
443300
443301
443302
443303
443304
443305
443306
443307
443308
443309
443310
443311
443312
443313
443314
443315
443316
443317
443318
443319
443320
443321
443322
442680
442681
442682
442683
442684
442685
442686
442687
442688
442689
442690
442691
442692
442693
442694
442695
442696
442697
442698
442699
442700
442701
442702
442703
442704
442705
442706
442707
442708
442709
442710
442711
442712
442713
442715
442716
442717
442718
442719
442720
442721
442722
442723
442724
442725
442726
442727
442728
442729
442730
442731
442732
442733
442734
442735
442736
442737
442738
442739
442740
442741
442742
442743
442744
442745
442746
442747
442748
442749
442750
442751
442752
442753
442754
442755
442756
442757
442758
442759
442760
442761
442762
442763
442764
442765
442766
442767
442768
442769
442770
442771
442772
442773
442774
442775
442776
442777
442778
442779
442780
442781
442782
442783
442784
442785
442786
442787
442788
442789
442790
442791
442792
442793
442794
442795
442796
442797
442798
442799
442800
442801
442802
442804
442805
442806
442807
442808
442809
442810
442811
442812
442813
442814
442815
442816
442817
442818
442819
442820
442821
442822
442823
442824
442825
442826
442827
442828
442829
442830
442831
442832
442833
442834
442835
442836
442837
442838
442839
442840
442841
442842
442843
442844
442845
442846
442847
442848
442849
442850
442851
442852
442853
442854
442855
442856
442857
442858
442859
442860
442861
442862
442863
442864
442865
442866
442867
442868
442869
442870
442871
442872
442873
442874
442875
442876
442877
442878
442879
442880
442881
442882
442883
442884
442885
442886
442887
442888
442889
442890
442891
442892
442893
442894
442895
442896
442897
442898
442899
442900
442901
442902
442903
442904
442905
442906
442907
442908
442909
442910
442911
442912
442913
442914
442915
442916
442917
442918
442919
442920
442921
442922
442923
442924
442925
442926
442927
443344
442928
442929
442930
442931
442932
442933
442934
442935
442936
442937
442938
442939
442940
442941
442942
442943
442944
442945
442946
442947
442948
442949
442950
442951
442952
442953
442954
442955
442956
442957
442958
442959
442960
442961
442962
442963
442964
442965
442966
442967
442968
442969
442970
442971
442972
442973
442974
442975
442976
442977
442978
442979
442980
442981
442982
442983
442984
442985
442986
442987
442988
442989
442990
442991
442992
442993
442994
442995
442996
442997
442998
442999
443000
443001
443002
443003
443004
443005
443006
443007
443008
443009
443010
443011
443012
443013
443014
443015
443016
443017
443018
443019
443020
443021
443022
443023
443024
443025
443026
443027
443028
443029
443030
443031
443032
443033
443034
443035
443036
443037
443038
443039
443040
443041
443042
443043
443044
443045
443046
443047
443048
443049
443050
443051
443052
443053
443054
443055
443056
443057
443058
443059
443060
443062
443063
443064
443065
443066
443067
443068
443069
443070
443071
443072
443073
443074
443075
443076
443077
443078
443079
443080
443081
443082
443084
443085
443086
443087
443088
443089
443090
443091
443092
443093
443094
443095
443096
443097
443098
443099
443100
443101
443102
443103
443104
443105
443106
443107
443108
443109
443110
443111
443112
443113
443114
443115
443116
443117
443118
443119
443120
443121
443122
443123
443124
443125
443126
443127
443128
443129
443130
443131
443132
443133
443134
443135
443136
443137
443138
443139
443140
443141
443142
443143
443144
443145
443146
443147
443148
443149
443150
443151
443152
443153
443154
443156
443157
443158
443341
443161
443343
443162
443163
443342